

Analyseresultaten voor BTC_ETH:
GER 15.66174040201999
STDEV: 0.03477616830307345
MinER: 15.56630162047002
MaxER: 15.689878871224838
