

Analyseresultaten voor BTC_EUR:
GER 40773.306941527684
STDEV: 54.19331226699266
MinER: 40673.39068862014
MaxER: 40874.78565712024
