

Analyseresultaten voor BTC_EUR:
GER 24157.3771830655
STDEV: 31.218823916325945
MinER: 24110.68563340281
MaxER: 24208.3111980872
