

Analyseresultaten voor BTC_ETH:
GER 18.65260147679708
STDEV: 0.01966722219106131
MinER: 18.61763353566267
MaxER: 18.71466212307476
