

Analyseresultaten voor ETH_EUR:
GER 2186.1598095083527
STDEV: 2.9750661653640345
MinER: 2179.852508177029
MaxER: 2191.70553871713
