

Analyseresultaten voor ETH_EUR:
GER 1542.3881276903867
STDEV: 4.460368545423732
MinER: 1538.6843491407346
MaxER: 1554.1394080412697
